805.4199999999961
803.094999999997
800.9849999999986
799.6899999999998
797.7650000000016
796.9800000000022
796.9500000000022
796.9200000000022
796.8650000000023
796.780000000002
796.6500000000016
796.4400000000018
796.0700000000021
796.0000000000022
796.0000000000022
796.0000000000022
796.0000000000022
796.0000000000022
796.0000000000022
796.0000000000022
796.0000000000022
796.0000000000022
796.0000000000022
796.0000000000022
796.0000000000022
796.0000000000022
796.0000000000022
796.0000000000022
796.0000000000022
796.0000000000022
796.0000000000022
796.0000000000022
796.0000000000022
796.0000000000022
796.0000000000022
796.0000000000022
796.0000000000022
796.0000000000022
796.0000000000022
796.0000000000022
796.0000000000022
796.0000000000022
796.0000000000022
796.0000000000022
796.0000000000022
796.0000000000022
796.0000000000022
796.0000000000022
796.0000000000022
796.0000000000022
