797.6800000000012
797.0000000000018
797.0000000000018
797.0000000000018
797.0000000000018
796.9300000000018
796.8500000000017
796.7700000000018
796.6800000000019
796.5100000000011
796.2800000000004
796.0000000000007
796.0000000000007
796.0000000000007
796.0000000000007
796.0000000000007
796.0000000000007
796.0000000000007
796.0000000000007
796.0000000000007
795.6200000000006
795.180000000001
795.0000000000011
795.0000000000011
795.0000000000011
795.0000000000011
795.0000000000011
795.0000000000011
795.0000000000011
795.0000000000011
795.0000000000011
795.0000000000011
795.0000000000011
795.0000000000011
795.0000000000011
795.0000000000011
795.0000000000011
795.0000000000011
795.0000000000011
795.0000000000011
795.0000000000011
795.0000000000011
795.0000000000011
795.0000000000011
795.0000000000011
795.0000000000011
795.0000000000011
795.0000000000011
795.0000000000011
795.0000000000011
