68.80000000000003
51.180000000000014
36.81
28.37
24.360000000000017
22.100000000000016
20.960000000000036
20.62000000000005
20.370000000000047
20.170000000000048
19.87000000000005
19.47000000000002
18.789999999999978
18.490000000000006
18.32
18.159999999999997
17.899999999999988
17.419999999999995
16.86
16.330000000000002
16.020000000000003
15.750000000000009
15.430000000000014
15.200000000000019
14.960000000000024
14.920000000000023
14.900000000000023
14.870000000000024
14.790000000000026
14.730000000000027
14.660000000000023
14.530000000000015
14.33000000000001
14.040000000000017
14.000000000000018
14.000000000000018
14.000000000000018
14.000000000000018
14.000000000000018
14.000000000000018
14.000000000000018
14.000000000000018
14.000000000000018
14.000000000000018
14.000000000000018
14.000000000000018
14.000000000000018
14.000000000000018
14.000000000000018
14.000000000000018
