55.52500000000001
39.38
32.389999999999986
27.095000000000013
24.21499999999994
23.090000000000003
22.400000000000055
21.264999999999965
20.53000000000007
20.21500000000006
19.730000000000036
18.98500000000003
17.755000000000006
17.08000000000001
16.62000000000007
16.41000000000009
16.17500000000006
15.770000000000014
15.685000000000015
15.605000000000016
15.435000000000015
15.20999999999998
14.999999999999947
14.999999999999947
14.999999999999947
14.999999999999947
14.999999999999947
14.999999999999947
14.999999999999947
14.999999999999947
14.999999999999947
14.999999999999947
14.999999999999947
14.999999999999947
14.999999999999947
14.999999999999947
14.999999999999947
14.999999999999947
14.999999999999947
14.999999999999947
14.999999999999947
14.999999999999947
14.999999999999947
14.999999999999947
14.999999999999947
14.999999999999947
14.999999999999947
14.999999999999947
14.999999999999947
14.999999999999947
