21.620000000000005
21.00000000000005
21.00000000000005
21.00000000000005
18.259999999999994
17.439999999999998
17.1
17.02
16.860000000000003
16.750000000000004
16.650000000000002
16.420000000000005
16.070000000000007
15.010000000000025
15.000000000000025
15.000000000000025
15.000000000000025
15.000000000000025
15.000000000000025
15.000000000000025
15.000000000000025
15.000000000000025
15.000000000000025
14.930000000000025
14.850000000000025
14.710000000000027
14.510000000000014
14.120000000000015
14.000000000000018
14.000000000000018
14.000000000000018
14.000000000000018
14.000000000000018
14.000000000000018
14.000000000000018
14.000000000000018
14.000000000000018
14.000000000000018
14.000000000000018
14.000000000000018
14.000000000000018
14.000000000000018
14.000000000000018
14.000000000000018
14.000000000000018
14.000000000000018
14.000000000000018
14.000000000000018
14.000000000000018
14.000000000000018
