806.8900000000004
804.5400000000018
802.1999999999979
800.5899999999988
799.3299999999997
798.0700000000008
797.3600000000014
796.9400000000018
796.9300000000018
796.8800000000018
796.8600000000017
796.7800000000018
796.7000000000019
796.5800000000014
796.4400000000007
796.1600000000005
796.0000000000007
796.0000000000007
796.0000000000007
795.9900000000007
795.9900000000007
795.9900000000007
795.9800000000007
795.9600000000007
795.9500000000007
795.9400000000007
795.9300000000007
795.9200000000008
795.9100000000008
795.9100000000008
795.8900000000008
795.8600000000008
795.8300000000008
795.7800000000007
795.7000000000005
795.6000000000006
795.5000000000007
795.3700000000008
795.2500000000009
795.0000000000011
795.0000000000011
795.0000000000011
795.0000000000011
795.0000000000011
795.0000000000011
795.0000000000011
795.0000000000011
795.0000000000011
795.0000000000011
795.0000000000011
